last-generated=2017-05-05
statistics-simulation=
{
  "numerical Jacobians": "0", 
  "nonlinear": " ", 
  "linear": " "
}
yR2[1]=[1e+00, 1e+00, 1e+00, 1e+00, 1e+00, 1e+00, 1e+00, 1e+00, 1e+00, 1e+00, 1e+00, 1e+00, 1e+00, 1e+00, 1e+00, 1e+00, 1e+00, 1e+00, 1e+00, 1e+00, 1e+00, 1e+00, 1e+00, 1e+00, 1e+00, 1e+00, 1e+00, 1e+00, 1e+00, 1e+00, 1e+00, 1e+00, 1e+00, 1e+00, 1e+00, 1e+00, 1e+00, 1e+00, 1e+00, 1e+00, 1e+00, 1e+00, 1e+00, 1e+00, 1e+00, 1e+00, 1e+00, 1e+00, 1e+00, 1e+00, 1e+00, 1e+00, 1e+00, 1e+00, 1e+00, 1e+00, 1e+00, 1e+00, 1e+00, 1e+00, 1e+00, 1e+00, 1e+00, 1e+00, 1e+00, 1e+00, 1e+00, 1e+00, 1e+00, 1e+00, 1e+00, 1e+00, 1e+00, 1e+00, 1e+00, 1e+00, 1e+00, 1e+00, 1e+00, 1e+00, 1e+00, 1e+00, 1e+00, 1e+00, 1e+00, 1e+00, 1e+00, 1e+00, 1e+00, 1e+00, 1e+00, 1e+00, 1e+00, 1e+00, 1e+00, 1e+00, 1e+00, 1e+00, 1e+00, 1e+00, 1e+00]
yR1[1]=[6e+00, 6e+00, 6e+00, 6e+00, 6e+00, 6e+00, 6e+00, 6e+00, 6e+00, 6e+00, 6e+00, 6e+00, 6e+00, 6e+00, 6e+00, 6e+00, 6e+00, 6e+00, 6e+00, 6e+00, 6e+00, 6e+00, 6e+00, 6e+00, 6e+00, 6e+00, 6e+00, 6e+00, 6e+00, 6e+00, 6e+00, 6e+00, 6e+00, 6e+00, 6e+00, 6e+00, 6e+00, 6e+00, 6e+00, 6e+00, 6e+00, 6e+00, 6e+00, 6e+00, 6e+00, 6e+00, 6e+00, 6e+00, 6e+00, 6e+00, 6e+00, 6e+00, 6e+00, 6e+00, 6e+00, 6e+00, 6e+00, 6e+00, 6e+00, 6e+00, 6e+00, 6e+00, 6e+00, 6e+00, 6e+00, 6e+00, 6e+00, 6e+00, 6e+00, 6e+00, 6e+00, 6e+00, 6e+00, 6e+00, 6e+00, 6e+00, 6e+00, 6e+00, 6e+00, 6e+00, 6e+00, 6e+00, 6e+00, 6e+00, 6e+00, 6e+00, 6e+00, 6e+00, 6e+00, 6e+00, 6e+00, 6e+00, 6e+00, 6e+00, 6e+00, 6e+00, 6e+00, 6e+00, 6e+00, 6e+00, 6e+00]
yR2[2]=[2e+01, 2e+01, 2e+01, 2e+01, 2e+01, 2e+01, 2e+01, 2e+01, 2e+01, 2e+01, 2e+01, 2e+01, 2e+01, 2e+01, 2e+01, 2e+01, 2e+01, 2e+01, 2e+01, 2e+01, 2e+01, 2e+01, 2e+01, 2e+01, 2e+01, 2e+01, 2e+01, 2e+01, 2e+01, 2e+01, 2e+01, 2e+01, 2e+01, 2e+01, 2e+01, 2e+01, 2e+01, 2e+01, 2e+01, 2e+01, 2e+01, 2e+01, 2e+01, 2e+01, 2e+01, 2e+01, 2e+01, 2e+01, 2e+01, 2e+01, 2e+01, 2e+01, 2e+01, 2e+01, 2e+01, 2e+01, 2e+01, 2e+01, 2e+01, 2e+01, 2e+01, 2e+01, 2e+01, 2e+01, 2e+01, 2e+01, 2e+01, 2e+01, 2e+01, 2e+01, 2e+01, 2e+01, 2e+01, 2e+01, 2e+01, 2e+01, 2e+01, 2e+01, 2e+01, 2e+01, 2e+01, 2e+01, 2e+01, 2e+01, 2e+01, 2e+01, 2e+01, 2e+01, 2e+01, 2e+01, 2e+01, 2e+01, 2e+01, 2e+01, 2e+01, 2e+01, 2e+01, 2e+01, 2e+01, 2e+01, 2e+01]
time=[0e+00, 1e+00]
